     3.79    -0.15    -0.37     0.20    -0.31     0.33     0.32     0.95    -0.34     0.13
     6.13     0.24    -0.35     0.90    -0.58     0.55     0.46     1.24    -0.90    -0.44
     8.49     0.63    -0.84     1.00    -0.80     1.05     0.32     1.67    -1.23    -0.43
    11.68     0.79    -1.38     1.50    -1.32     1.23     0.95     1.88    -1.21    -0.15
    14.71     0.75    -1.93     1.11    -1.32     2.07     1.08     2.56    -0.91    -0.29
    17.39     0.99    -2.56     1.57    -1.62     2.61     1.41     3.31    -1.22    -0.31
    19.96     0.89    -2.43     1.68    -1.57     2.48     1.98     3.36    -1.38    -0.24
    23.28     1.30    -2.84     1.94    -1.89     2.93     2.41     3.35    -1.69    -0.72
    26.07     1.50    -2.60     2.47    -2.44     3.37     2.17     3.47    -1.60    -0.40
    29.34     1.52    -3.11     2.32    -2.75     3.74     2.07     3.93    -1.66    -0.52
    32.08     1.71    -3.17     2.88    -2.61     3.86     1.92     3.90    -1.88    -0.33
    35.30     2.16    -3.01     3.19    -2.58     3.98     2.11     4.02    -1.54    -0.05
    38.87     2.38    -3.35     3.27    -2.59     4.19     2.32     4.48    -1.63    -0.03
    42.07     2.21    -3.40     3.85    -3.11     4.47     2.78     4.74    -1.74     0.02
    45.47     2.88    -3.97     4.21    -3.19     4.36     2.54     5.12    -2.50    -0.09
    48.20     2.31    -3.97     4.05    -3.39     4.98     3.47     5.52    -2.84    -0.43
    51.02     2.32    -4.13     4.55    -3.97     5.70     3.34     5.13    -2.75    -0.18
    54.10     2.87    -3.95     5.13    -3.83     5.70     3.03     5.80    -3.13    -0.38
    57.28     2.61    -4.21     5.33    -4.27     5.86     3.80     6.18    -2.91    -0.16
    60.26     2.11    -4.55     5.86    -4.63     6.23     4.05     6.43    -2.76    -0.45
    63.87     2.03    -4.50     5.89    -5.17     6.68     4.29     5.68    -2.73    -0.62
    67.12     2.18    -4.53     6.26    -5.20     6.87     4.24     6.02    -2.23    -0.47
    70.40     2.32    -4.58     7.03    -5.20     6.47     4.39     5.98    -2.83    -0.61
    73.51     2.47    -4.46     7.43    -5.62     6.73     4.76     6.13    -2.71    -1.28
    76.85     2.20    -4.72     7.89    -6.02     6.87     4.43     6.44    -2.56    -1.37
    80.07     2.24    -4.26     7.97    -6.56     6.69     4.87     6.25    -2.06    -1.82
    82.93     2.53    -4.76     8.64    -6.42     6.71     4.82     6.72    -1.42    -1.57
    86.02     2.46    -4.52     9.23    -7.28     6.37     4.97     6.36    -1.11    -1.56
    89.37     2.78    -4.36     9.68    -7.56     6.64     4.88     6.21    -1.06    -1.47
    92.57     3.00    -3.78     9.85    -7.37     6.66     5.14     6.15    -0.66    -1.63
    95.26     3.04    -3.71    10.37    -7.98     6.29     4.95     5.93    -0.08    -1.72
    98.07     3.07    -3.68    11.01    -8.33     6.58     5.45     5.44     0.10    -1.80
   100.51     3.16    -3.98    11.65    -8.39     5.87     5.82     4.94     0.55    -2.06
   103.22     3.37    -4.07    12.37    -8.52     5.94     5.72     4.74     0.99    -2.17
   105.44     3.78    -4.09    12.81    -8.70     5.58     5.51     4.47     1.12    -1.73
   107.69     3.52    -4.04    13.20    -8.91     5.78     5.61     3.98     1.26    -1.45
   109.59     3.50    -4.17    13.95    -8.84     5.77     5.80     4.06     2.01    -1.52
   111.44     3.94    -4.28    14.37    -9.16     5.37     6.04     3.95     2.37    -1.21
   112.81     4.52    -4.13    15.03    -9.68     5.53     6.41     3.86     2.68    -1.33
   113.78     4.95    -4.08    15.33    -9.66     5.79     6.66     3.91     3.19    -0.96
   114.79     5.16    -3.99    15.74   -10.24     6.03     6.69     4.12     3.22    -0.65
   115.50     5.88    -4.27    15.94   -10.52     6.18     6.76     4.25     3.07    -0.11
   116.43     6.43    -4.64    16.50   -11.01     6.25     6.76     4.28     3.37     0.09
   116.82     6.95    -4.77    16.91   -11.28     5.92     6.36     3.90     3.63     0.26
   116.99     7.00    -4.73    16.87   -11.53     5.88     6.25     3.70     3.43     0.46
