   114.82     6.49    -3.73    17.77   -12.63     6.30     4.56     4.43     2.84     1.45
   111.07     6.38    -4.08    17.01   -12.08     6.10     4.76     3.87     2.67     1.09
   108.10     6.62    -3.61    16.72   -11.87     5.66     5.11     3.53     3.00     1.65
   104.97     6.15    -3.85    16.04   -11.56     5.78     5.22     3.49     3.09     1.65
   101.63     5.61    -4.35    15.76   -11.53     5.16     5.11     3.12     3.84     1.85
    98.81     5.55    -4.19    15.19   -11.47     5.12     5.46     2.67     3.54     2.33
    95.29     4.97    -3.92    14.83   -10.93     4.84     5.69     2.63     4.34     1.91
    92.42     4.89    -3.77    15.05   -10.63     4.56     5.96     2.61     4.27     2.05
    89.18     4.52    -3.46    14.34   -10.36     4.51     5.81     2.39     4.15     2.66
    86.43     4.54    -3.51    13.42   -10.51     4.69     6.20     2.27     4.69     2.11
    82.66     4.08    -3.90    13.96   -10.39     4.12     6.05     2.71     4.84     2.09
    79.56     3.83    -4.23    13.76    -9.44     4.20     6.02     2.04     4.76     1.96
    76.38     3.68    -4.16    12.86    -9.38     3.94     5.83     1.76     4.48     2.16
    73.14     3.80    -4.20    12.59    -9.05     3.58     5.92     1.46     4.73     1.99
    69.80     3.67    -4.95    12.00    -8.76     3.85     6.65     1.10     4.39     1.63
    66.51     3.33    -4.97    11.50    -8.58     3.32     6.77     1.16     4.56     1.57
    63.12     3.47    -5.21    11.42    -8.35     3.13     7.02     1.33     4.22     1.49
    60.18     3.39    -5.26    11.08    -8.27     2.70     6.62     1.33     4.44     1.58
    56.43     3.28    -5.56    10.61    -7.61     2.38     6.29     0.72     4.30     1.93
    53.60     2.89    -5.89     9.90    -7.38     2.33     5.84     1.25     4.06     1.80
    50.21     3.22    -5.58     9.05    -6.87     2.10     6.13     1.06     3.92     1.88
    47.38     2.51    -5.82     8.84    -6.47     2.33     6.06     1.27     4.12     2.18
    44.05     3.10    -5.81     8.27    -6.70     2.42     5.99     1.23     4.21     2.32
    40.94     2.92    -5.64     7.58    -6.38     1.95     5.82     0.51     4.41     2.36
    37.70     2.62    -5.65     6.60    -6.42     2.15     5.77     0.79     4.04     2.12
    34.30     2.63    -5.32     6.38    -6.31     2.22     5.59     0.55     3.50     2.15
    31.09     2.68    -5.35     6.31    -5.96     2.02     5.64     0.85     3.00     2.00
    28.06     2.82    -4.90     5.96    -5.84     1.72     5.58     0.66     3.08     2.07
    24.86     2.45    -5.32     5.42    -5.80     1.33     5.05     0.86     2.91     1.75
    22.00     2.34    -4.66     4.88    -6.02     1.39     4.80     0.57     2.57     1.61
    19.02     2.34    -4.28     4.17    -5.84     1.18     4.45     0.34     2.11     1.66
    16.21     1.90    -4.46     3.48    -5.25     1.01     3.67     0.68     2.08     1.43
    13.69     1.54    -3.82     2.80    -4.79     0.66     3.74     0.77     1.63     1.27
    11.77     1.13    -3.30     2.50    -4.82     0.14     3.57     0.58     1.73     0.91
     9.55     1.21    -3.22     2.27    -4.33     0.50     3.19     0.30     1.28     1.08
     7.31     1.11    -2.96     1.51    -3.74     0.20     2.65     0.30     0.57     1.06
     6.01     0.96    -2.12     1.27    -3.42     0.41     2.11     0.14     0.17     0.92
     4.19     0.68    -1.69     0.94    -3.12     0.45     1.69    -0.14    -0.13     0.56
     2.60     0.39    -1.50     0.23    -2.51     0.45     1.84     0.02    -0.36     0.42
     2.22     0.21    -1.26     0.10    -2.38     0.41     1.56     0.17    -0.53     0.23
     1.63    -0.08    -0.77    -0.19    -2.17     0.40     1.07     0.10    -0.06     0.51
     0.97    -0.38    -1.13    -0.00    -1.81     0.31     0.88    -0.01    -0.41     0.30
     0.01    -0.38    -0.86    -0.45    -1.55     0.09     0.88    -0.03     0.06     0.32
    -0.28    -0.70    -0.81    -0.37    -0.96    -0.03     0.64     0.05    -0.17     0.13
    -0.43    -0.47    -1.05    -0.27    -0.86    -0.16     0.49    -0.07     0.01     0.35
    -0.38    -0.20    -1.01    -0.12    -0.54    -0.26     0.66     0.03    -0.04     0.12
