     0.00     0.00     0.00     0.00     0.00     0.00     0.00     0.00     0.00     0.00
    -0.47    -0.74    -2.56     1.04    -2.97    -2.33     5.84     1.67    -0.66     5.95
    -2.88     1.44    -6.14    16.29    -2.14    -2.75    -1.69    -9.87     0.58     0.81
    -1.82    -0.93    -6.16     9.67     0.50    -1.47    -4.53    -7.98    -5.38     2.91
    -0.60     2.82     0.99    -3.61    -0.04     1.15     8.58    -2.55    -3.53     1.55
    -3.60     0.78     0.71    -2.48    -2.88    -0.55     2.33    -0.43    -1.47     3.95
    -0.12    -2.28    -0.37     1.40     3.39     2.41     7.22    -0.51     0.43     4.63
    -1.96     0.30    -1.37     0.99    -1.45     0.81     4.11    -0.40    -1.72     3.58
     0.24    -0.50     1.07     2.79    -1.74    -1.55     8.16    -0.02     5.07     6.15
    -2.31     1.82     1.33     0.37    -1.33     3.31     0.69     3.36    -2.12     8.24
    -3.44     7.03     4.02    27.42    10.16     2.11     4.77     3.74     8.90    -3.67
    -1.89     8.78    17.73     6.89    -0.99    -3.65    -0.17     1.17     0.67    -3.24
    -2.15    13.17    18.05     8.21    -1.55    -3.87     9.13     3.31    -2.41    -1.50
     0.13    15.75    13.79    19.67     9.56     0.25     2.50     7.71     5.08     9.76
    -1.11     7.04    14.50     8.76    -2.95    -0.97     4.33    -3.66     0.38     1.04
    -4.76     9.37    10.78     8.86    -2.08    -2.57     4.92     2.14    -5.26     4.24
    -1.07    10.72    17.49    16.44    14.21     5.69     2.01    -4.13     3.34    -2.96
     1.75    11.07    19.25    11.22     6.22   -10.21     6.12    13.35    -8.56     6.83
     0.68     3.54    18.26    13.05     0.11    -4.31     7.93    13.54    -9.06     8.41
    -6.64     8.05     8.52    12.28    -6.89    -6.22    -0.21     3.06    -0.11    -4.80
    -2.40    -1.93    -6.98     8.29    -7.22    -1.86    -4.85    -5.94    -2.92     2.37
     0.52    -1.47    -1.97     1.30     2.77     3.12   -10.26     0.88    -2.19     3.45
     2.55    -3.74    -1.32    -2.27    -2.60     0.20     2.34     1.46     1.81     4.55
    -6.53     2.56    -9.33    18.12    -2.00    -0.33    -6.25    -4.21     0.14     5.31
     0.84     0.67    -0.40     3.22     0.92    -4.67     7.32    -1.24     4.15     4.79
    -4.58     0.66    -2.36     4.97    -0.66    -1.07     2.95    -2.13    -7.59     3.65
    -0.40     0.26     2.11     0.79    -1.64     3.29    -2.65     3.52     4.13    10.63
     0.85    -1.24    -0.13    -3.95     0.18    -0.89     4.30     5.17    -3.60     1.27
    -4.97    -0.41    -7.02     7.29    -5.72    -3.21     2.02    -4.47    -5.44     1.61
    -2.49     1.56    -4.80    16.66     1.91    -3.74     2.37    -4.83    -5.42     6.03
    27.33    31.71    -6.06    -2.85    -1.55    -0.57    -0.13     0.45    -4.35     1.45
    29.59    26.56    -9.28    -1.33    -4.43    -2.18     3.90    -0.39     2.20     0.63
    28.17    35.71    -9.14    16.36    12.76     2.98     1.63    -1.96    -4.36     9.61
    28.15    34.35    -6.05     2.60    -0.66    -5.28     4.40     0.73    -3.36     0.14
    31.35    27.67    -7.65    -0.94     8.89     2.67     0.50    -1.68    -2.63     4.44
    28.46    29.40   -10.66     2.38    -6.54    -6.10     0.53     4.12    -0.32    -3.14
    27.55    28.68   -11.47     4.60    -5.01    -2.12     6.00     2.46    -3.10     1.72
    27.78    27.41    -9.67     2.24    -7.30    -1.81     2.83     0.94     7.81     4.96
    29.81    28.47    -7.99    -5.52     7.22     2.83     3.11     2.44    -3.92     7.64
    27.76    31.33    -5.97     1.49     2.67     1.74     7.38     2.72     1.74     1.52
    23.78    44.07     7.35    18.53     3.52     2.39     3.57    -4.90    -3.55     3.02
    26.30    41.78    15.35     3.38     0.74     7.86     4.63    -6.63    -8.01     4.31
    24.88    44.13    11.04    10.84    -4.19     2.21     1.36    -4.12    -6.57     3.54
    25.69    43.10    13.96     8.03    -8.21     2.79    -1.38    -6.55    -3.36     7.49
    23.91    39.50     6.90     6.29    -9.65     2.77     4.65    -3.32    11.27     8.50
    27.25    43.83    10.84    11.26    -6.77    -4.78     3.42     0.56     4.34     5.64
    29.90    40.45    11.15    -1.84    -1.58    -3.56     2.42     2.76    -0.51     6.39
    26.67    41.56     4.84     7.54     1.09    -1.26     3.94     2.44    -4.85     5.53
    26.46    43.57    15.90     3.68   -14.37     1.22    -1.28     0.98     0.22     4.53
    25.15    43.00    12.59     8.63    -4.45     3.04    -2.38    -2.63    -5.27    -3.90
    28.78    29.87   -10.59    11.33    -0.70    -1.15     4.61     7.64     8.32     6.40
    29.22    32.48   -12.98    14.92     6.42    -1.69     5.37    -0.60     3.22     2.95
    27.80    35.42    -5.01     4.84    -3.37    -3.31     0.38     5.41    -0.36     1.12
    29.50    30.68   -12.82     3.55     1.74     3.52     4.45     4.77    -7.72    -4.28
    26.47    31.91   -13.16    11.07     1.54     1.91    -3.27     0.65    -3.62    10.89
    30.02    30.51    -9.17     0.58    -0.02    -2.59     1.95     6.56     1.16     0.96
    32.37    27.55    -8.07    -4.40    10.01    -1.04     5.09     5.44    -1.18     5.15
    27.53    30.93   -14.56    16.09    11.89     3.73     4.71     0.24    -1.39     4.77
    28.30    30.48    -9.89     4.04     0.37    -4.81     3.19     3.45    -2.86     3.85
    26.95    28.60    -5.63     4.67     6.52     2.56     4.91     3.99    -1.57   -11.21
   118.09     7.18    -4.42    18.16   -12.89     6.67     4.60     4.58     2.79     1.59
   119.36    15.98    12.43    -2.26    11.25     3.46   -11.12    -3.14    -1.97     1.96
   119.88     7.21     5.64     1.70     1.88     8.21    17.59    -9.85     3.83     4.63
   117.99     4.46     2.51     0.57    -6.51    11.67    -1.44    10.88    -2.40     1.64
   117.70     4.71     1.41     4.69    -1.80     9.11    16.64    -5.32     0.20     6.50
   117.05     4.83    -8.60    28.44   -16.13    11.15    -0.90     2.62    -9.14     5.48
   115.61    10.88     1.71     2.88    -9.56     8.71     3.24     7.39    -1.58    -1.65
   118.56    14.64     9.39    -3.42    -2.57    -0.89    -9.78     0.19    10.07     4.07
   125.43     2.69     3.80     1.06     2.63    10.06     5.39     6.27    -3.95     2.84
   118.75    11.80     9.84    -2.38    11.57    12.23    -3.61     1.00    -0.86     1.15
   123.01    14.61     0.37     9.23    -1.61   -14.64     3.49     2.08    -0.74    -0.54
   129.78    12.92     5.09     2.69     3.02    -9.74    -3.86    -1.07    -2.18     8.44
   120.11    16.92     3.03     9.87     2.84   -19.78    -4.20     3.16     3.59     2.76
   124.67     8.60     1.27     4.34     7.66    -8.90    -0.71     0.08    -1.09     3.22
   120.07     7.81    -3.91    28.28     4.50     6.02     0.31     5.73     1.17     0.74
   117.46    14.63     2.46     6.24     3.80   -10.51     6.42    -9.03    -0.65     0.55
   124.28     7.90    -7.12    17.59    -3.52    -8.67     3.67     5.12    -5.89     8.28
   124.45    12.41     2.29     1.09     5.99    -7.57     1.19    -2.75    -3.89     3.31
   119.39    13.45    -2.99     9.60    -3.75    -9.43    12.13    -6.98    -3.63     0.82
   128.92    15.05     6.47     2.63    -1.43    -9.01     7.60    -3.90    -4.90     5.41
