 77.39
  7.41
  2.62
  1.91
  1.20
  1.10
  0.79
  0.75
  0.60
  0.49
  0.45
  0.41
  0.34
  0.32
  0.30
  0.28
  0.24
  0.23
  0.22
  0.18
  0.17
  0.16
  0.14
  0.14
  0.12
  0.12
  0.11
  0.11
  0.10
  0.10
  0.09
  0.09
  0.08
  0.07
  0.07
  0.07
  0.06
  0.06
  0.06
  0.05
  0.05
  0.05
  0.05
  0.04
  0.04
  0.04
  0.03
  0.03
  0.03
  0.03
  0.03
  0.03
  0.03
  0.02
  0.02
  0.02
  0.02
  0.02
  0.02
  0.02
  0.02
  0.02
  0.01
  0.01
  0.01
  0.01
  0.01
  0.01
  0.01
  0.01
  0.01
  0.01
  0.01
  0.01
  0.01
  0.01
  0.01
  0.00
  0.00
