   0.01224  -0.04135   0.02238  -0.01271  -0.00818   0.02751  -0.00213   0.00606   0.01713   0.00322
  -0.10735  -0.03452  -0.01113  -0.00160   0.06864  -0.09781  -0.03877   0.04267   0.05059   0.00932
  -0.01869  -0.04184   0.02459   0.00340  -0.03137   0.06331  -0.01787   0.01014   0.00761   0.00773
   0.01580  -0.04248   0.03521  -0.01426  -0.04094   0.08260   0.00609  -0.01461  -0.00130   0.00689
  -0.10062  -0.03706  -0.00701   0.00020   0.06269  -0.09554  -0.03379   0.03394   0.04518   0.01190
  -0.00046  -0.04233   0.01597   0.00355  -0.01663   0.02828  -0.01118   0.00999   0.01355   0.00305
   0.01914  -0.04485   0.04448  -0.01472  -0.06244   0.12048   0.01489  -0.03056  -0.01489   0.00907
  -0.09564  -0.04049   0.00471   0.00162   0.04012  -0.06518  -0.02159   0.01347   0.02633   0.01665
   0.01599  -0.04768   0.01111   0.00744   0.00354  -0.01936   0.00304   0.00486   0.01496  -0.00061
   0.02019  -0.04605   0.04678  -0.01487  -0.06780   0.13175   0.01850  -0.03566  -0.01937   0.00965
  -0.09143  -0.03989   0.01766   0.00149   0.00905  -0.01929  -0.00635  -0.01243   0.00237   0.02117
   0.02527  -0.05540   0.01113   0.01354   0.02175  -0.06380   0.01998  -0.00634   0.01016  -0.00363
   0.01929  -0.04767   0.04243  -0.01551  -0.05557   0.11217   0.01450  -0.02794  -0.01423   0.00864
  -0.08676  -0.03534   0.02664  -0.00144  -0.02056   0.02804   0.00599  -0.03528  -0.01929   0.02419
   0.02276  -0.06119   0.01624   0.01803   0.02919  -0.08313   0.03273  -0.01956   0.00282  -0.00438
   0.01596  -0.04944   0.03291  -0.01569  -0.03002   0.07397   0.00695  -0.01109   0.00011   0.00561
  -0.07570  -0.03318   0.02755   0.00169  -0.04092   0.03799   0.01126  -0.06149  -0.03662   0.00466
   0.00633  -0.06118   0.02685   0.01302   0.01860  -0.04954   0.03500  -0.02081   0.00288  -0.00063
   0.01787  -0.05888   0.01852   0.00235   0.01152  -0.01606   0.01303  -0.02614   0.01202  -0.01521
  -0.07519  -0.02461   0.03770  -0.00625  -0.05291   0.09603   0.01036  -0.04758  -0.02449   0.01620
  -0.01307  -0.06355   0.04188   0.00447  -0.00214   0.02007   0.01004  -0.02699  -0.01900   0.01460
   0.00891  -0.05232  -0.00661   0.00722   0.03952  -0.05251  -0.00939   0.01834   0.01768  -0.01537
  -0.07000  -0.02035   0.03356  -0.00808  -0.04098   0.08276   0.00567  -0.04046  -0.01279   0.01585
  -0.02685  -0.07330   0.06262  -0.00928  -0.03703   0.05363   0.02249  -0.05169  -0.02812  -0.00872
   0.00387  -0.04848  -0.02189   0.00797   0.06507  -0.08801  -0.02006   0.04735   0.02635  -0.00376
  -0.06886  -0.01681   0.02472  -0.00913  -0.01782   0.05014  -0.00346  -0.02197   0.00308   0.01849
  -0.03541  -0.07329   0.05851  -0.00773  -0.04991   0.06551   0.02184  -0.04594  -0.04174  -0.01299
   0.00398  -0.04626  -0.03411   0.01335   0.08219  -0.10128  -0.02979   0.05324   0.03734  -0.00735
  -0.06700  -0.01087   0.00462  -0.00651   0.01732  -0.00394  -0.00838  -0.00092   0.03695   0.01025
  -0.03798  -0.06744   0.04586  -0.00501  -0.04162   0.06624   0.01653  -0.03029  -0.04628  -0.00160
   0.00733  -0.04253  -0.03196   0.01550   0.08434  -0.08607  -0.03198   0.03847   0.03469  -0.01944
  -0.06678  -0.00324  -0.01940  -0.01743   0.03985  -0.05450  -0.02625   0.02377   0.04605   0.00337
  -0.03317  -0.06159   0.03917   0.00534  -0.02701   0.06012   0.01070  -0.02753  -0.02814  -0.00067
   0.01211  -0.03373  -0.01342   0.01198   0.07702  -0.04840  -0.03578   0.00057   0.03145  -0.04329
  -0.06439   0.00407  -0.03404  -0.01550   0.05760  -0.09311  -0.01506   0.02866   0.06996   0.01470
  -0.02540  -0.04768   0.03815   0.00405  -0.01414   0.05578   0.00011  -0.03598  -0.00662  -0.01196
   0.02140  -0.01503   0.00886   0.01525   0.01716  -0.03272   0.03762   0.01248   0.03709   0.06327
  -0.06351  -0.00468  -0.00292  -0.01984   0.06248  -0.09168  -0.01064   0.02081   0.01582   0.03509
  -0.01726  -0.03668   0.01385   0.00247  -0.02406   0.03222  -0.02207   0.00717  -0.00777   0.01409
   0.01693  -0.04648   0.00685   0.01387  -0.01683   0.01858   0.00362   0.02337   0.00094   0.01360
  -0.06050  -0.01099   0.00685  -0.01082   0.02528  -0.06747  -0.00372   0.00711  -0.00841   0.02167
  -0.00835  -0.01589  -0.02172   0.00867   0.01575  -0.00195  -0.01703   0.07212   0.02273   0.00889
   0.02004  -0.03443  -0.00254   0.01680  -0.01302   0.04017  -0.00175   0.02761   0.00796  -0.00775
  -0.05702  -0.00710   0.00954  -0.00980   0.02109  -0.05203  -0.00328   0.00441  -0.01050   0.00932
  -0.00168  -0.00978  -0.01754   0.00778   0.02188  -0.01380  -0.00380   0.08161   0.02247  -0.00537
   0.02309  -0.02843  -0.00547   0.01683  -0.01403   0.05193  -0.00012   0.03151   0.01240  -0.01194
  -0.04895   0.00072   0.01408  -0.01078   0.00889  -0.02171  -0.00315   0.00815  -0.01031   0.00053
   0.00045  -0.01607   0.00274   0.00281   0.00856  -0.01102   0.01420   0.06231   0.01278  -0.01604
   0.01876  -0.02158  -0.00748   0.01690  -0.01107   0.02682  -0.05019   0.05033   0.01066  -0.03860
  -0.03349  -0.00074   0.01137  -0.01700  -0.00980   0.02126   0.00023  -0.00300   0.01329  -0.02422
  -0.00107  -0.02301   0.01481   0.00317  -0.00718  -0.01184   0.01970   0.04635  -0.00021  -0.02187
   0.01290  -0.02970   0.00239   0.02265  -0.00587   0.01687  -0.03662   0.04748   0.02410  -0.03280
  -0.03024   0.03342  -0.02687  -0.01478  -0.02380   0.01124  -0.03299   0.01122  -0.01418  -0.02025
  -0.00295  -0.02262   0.01526  -0.00439   0.01079   0.00700  -0.00402   0.02137  -0.01437  -0.01116
   0.00259  -0.02402   0.00061   0.00506   0.00344  -0.01130  -0.02831   0.01508   0.00523  -0.00977
  -0.02214   0.02501  -0.02033  -0.00715  -0.01845   0.03527  -0.00979   0.02460   0.01228  -0.02769
  -0.00988  -0.03422   0.01746  -0.00718   0.01109   0.01093   0.01183   0.02451  -0.00002  -0.01485
  -0.00643  -0.03031   0.00605   0.00027   0.02089  -0.02224  -0.00092  -0.00512   0.00590   0.00959
  -0.01956   0.02947  -0.02078  -0.00818  -0.01633   0.03451  -0.00976   0.02536   0.01282  -0.02939
  -0.01757  -0.03685   0.01299  -0.00745   0.00362   0.00881   0.00275   0.02843  -0.00238  -0.01697
  -0.01266  -0.03271   0.00963  -0.00171   0.03349  -0.03497   0.00994  -0.02078   0.00594   0.02403
  -0.01957   0.03385  -0.02021  -0.01091  -0.00721   0.02919  -0.00377   0.01719   0.01209  -0.02296
  -0.02451  -0.04068   0.01175  -0.00640   0.00107   0.00552   0.00222   0.02627  -0.00106  -0.01542
  -0.01636  -0.03044   0.00901  -0.00146   0.04021  -0.04131   0.01361  -0.02760   0.00865   0.03366
  -0.02093   0.03792  -0.01981  -0.01573   0.00783   0.01960   0.00756   0.00584   0.01011  -0.00885
  -0.02948  -0.04040   0.01059  -0.00439   0.00148   0.00159   0.00087   0.02308   0.00259  -0.01239
  -0.01702  -0.01715   0.00320   0.00389   0.03825  -0.03370   0.00506  -0.02594   0.01577   0.03342
  -0.02235   0.04165  -0.02097  -0.02114   0.02457   0.00835   0.02306  -0.00405   0.00573   0.00942
  -0.03139  -0.02878   0.00482  -0.00086   0.00284   0.00389  -0.00334   0.02117   0.00840  -0.00897
  -0.01236   0.02876  -0.01271   0.00776   0.02162   0.01535  -0.03240   0.00034   0.00868   0.04144
  -0.02109   0.05930  -0.02780  -0.01629   0.03127   0.01809   0.03848  -0.01298  -0.00405   0.01863
  -0.02826   0.00604  -0.01101   0.00115   0.00462   0.02505  -0.02076   0.03349   0.00640   0.00239
  -0.00523  -0.00759   0.00419   0.03325   0.00139   0.01699  -0.03605   0.00422   0.01110   0.01789
  -0.01401   0.00637  -0.01560  -0.01177  -0.00494   0.01941   0.02674   0.01244   0.00856  -0.00740
  -0.03087   0.02078  -0.01752  -0.00669   0.00909   0.04428  -0.00821   0.03423   0.02589   0.00093
  -0.00048  -0.02246  -0.00264   0.05255  -0.00425   0.01325  -0.03770  -0.00562   0.00010   0.02260
  -0.00931  -0.00865  -0.01173   0.00329  -0.00890   0.01955   0.03759   0.00904  -0.00215  -0.00511
  -0.03322   0.01536  -0.03010  -0.00518   0.01373   0.03891   0.00387   0.03710   0.01304   0.02027
   0.00070  -0.03374  -0.00161   0.07337  -0.01316  -0.01519  -0.05607  -0.03527  -0.01451   0.00573
  -0.00569  -0.01596  -0.00196   0.00753  -0.02069   0.00948   0.02952   0.00439  -0.00808  -0.01658
  -0.03778   0.01516  -0.03903   0.00757   0.01226   0.04382   0.00320   0.05566   0.01774   0.01505
  -0.01008  -0.02719   0.01857   0.04343   0.02468   0.01617  -0.08750   0.00786  -0.00092  -0.00157
  -0.00298  -0.01446   0.00673  -0.00824  -0.04231   0.00506   0.01848   0.02757  -0.01904  -0.00549
  -0.03681   0.01331  -0.04079   0.03602   0.00579   0.04727   0.01724   0.01883   0.02098  -0.00047
  -0.01589  -0.03771   0.01139   0.04614   0.00208   0.00766  -0.06210  -0.00419   0.00019  -0.00644
  -0.00366  -0.00769  -0.00383  -0.01133  -0.02705   0.00020   0.02373   0.03701  -0.00992   0.00521
  -0.01650   0.00065  -0.00495   0.03947  -0.01842   0.06273   0.02334   0.00721  -0.01397  -0.01091
  -0.02282  -0.03369  -0.00108   0.05068  -0.03084   0.01815  -0.03051   0.01856  -0.01655  -0.00386
   0.00132   0.00272  -0.00606  -0.00716  -0.02293  -0.00004   0.02907   0.04365  -0.00550   0.01075
   0.01798   0.00717   0.01319   0.03329  -0.00180   0.06263   0.01471  -0.01112  -0.01166  -0.01287
  -0.02211  -0.01740  -0.01546   0.04585  -0.04432   0.02100  -0.00735   0.03807  -0.02848   0.00025
   0.01861   0.01903  -0.00144  -0.00671  -0.00634   0.00312   0.02610   0.03962  -0.00056   0.00283
   0.05113   0.02356   0.02457   0.01718   0.02071   0.04324   0.00251  -0.02496  -0.00465  -0.01758
  -0.01431   0.01029  -0.03294   0.03149  -0.04108   0.01035   0.00293   0.05222  -0.03898  -0.00574
   0.04341   0.03587   0.00506  -0.01086   0.01182   0.00678   0.01912   0.02871   0.00235  -0.01644
   0.07245   0.04401   0.02400  -0.00378   0.03924   0.00978  -0.00376  -0.03569  -0.00221  -0.03163
  -0.00065   0.04479  -0.05092   0.00517  -0.02180  -0.00736  -0.00266   0.07130  -0.05091  -0.01073
   0.07012   0.04927   0.01178  -0.01971   0.02729   0.01424   0.01043   0.00753   0.00531  -0.05090
   0.07842   0.05821   0.01891  -0.02235   0.05247  -0.02225  -0.01074  -0.04352  -0.00024  -0.04612
   0.01292   0.06422  -0.09313  -0.04253   0.01662  -0.00867  -0.03199   0.05842   0.00917   0.06228
   0.09863   0.07367   0.03918  -0.02199   0.02771   0.02724  -0.01242   0.01508  -0.01498  -0.06339
   0.06975   0.05527   0.01945  -0.03118   0.06453  -0.03699  -0.01882  -0.04803   0.02221  -0.00008
   0.00534   0.04462  -0.22640  -0.06979   0.07823  -0.01871  -0.02502   0.02548   0.15747   0.02676
   0.12415   0.07763   0.09255   0.03140   0.01248   0.03947  -0.04147  -0.02312   0.04164  -0.03708
   0.04876   0.04917  -0.03106  -0.04650   0.08747  -0.03947  -0.02240  -0.04667   0.03860  -0.02947
  -0.02234   0.14313   0.00875   0.01386   0.02555  -0.06593  -0.00320   0.02808   0.09404  -0.01305
   0.14431   0.10194   0.19554   0.07915  -0.03565   0.01946  -0.01727  -0.01572  -0.03075   0.02138
   0.02839   0.03420  -0.02824  -0.02184   0.03124  -0.01843  -0.05033  -0.09132  -0.03763  -0.08806
  -0.03666   0.24391   0.18300   0.05348   0.00973  -0.03723  -0.00572  -0.03221   0.05081  -0.05837
   0.16175   0.05328   0.10084   0.04771  -0.02980   0.02661  -0.02551  -0.01700  -0.02386   0.01460
   0.02164   0.02963   0.05016   0.01404  -0.05745   0.01458  -0.03266  -0.08242  -0.03116   0.01854
  -0.04210   0.28547   0.17483   0.05056  -0.00492  -0.02003  -0.00811  -0.01599   0.05363  -0.02335
   0.16666  -0.01348  -0.03537   0.00606  -0.03166   0.04385  -0.02502  -0.03300  -0.02227  -0.03302
   0.04062  -0.01954   0.11830   0.05973  -0.08658   0.04465  -0.01935  -0.04445  -0.02381   0.02865
  -0.04042   0.26478   0.16714   0.04476  -0.02563  -0.00655  -0.01416  -0.04003   0.00534  -0.00964
   0.17124  -0.05707  -0.12301  -0.01992  -0.06074   0.05570  -0.01378  -0.03363  -0.02424   0.00794
   0.05690  -0.02804   0.11329   0.11105  -0.05917   0.05327   0.01415   0.05218  -0.01461   0.02521
  -0.03158   0.21956   0.05957   0.02757  -0.05725   0.01520   0.00474  -0.03812  -0.02888  -0.04189
   0.17190  -0.09407  -0.21517  -0.04339  -0.05161   0.07792   0.00305  -0.03746  -0.03819  -0.02513
   0.09536  -0.03484   0.09001   0.10987  -0.03366   0.01706   0.02444   0.11816   0.01231  -0.00360
  -0.01777   0.14837  -0.04636   0.00031  -0.06341   0.04530   0.01363  -0.03161  -0.04350  -0.01250
   0.16718  -0.09636  -0.25263  -0.06188  -0.03196   0.09208   0.00522  -0.02692  -0.02091  -0.03959
   0.13439  -0.04847   0.05606   0.09735  -0.00517  -0.02908   0.02534   0.10908   0.02114  -0.02292
  -0.00455   0.08182  -0.14030  -0.02789  -0.06273   0.05327   0.01875  -0.04566  -0.04677   0.00143
   0.16621  -0.06470  -0.24245  -0.06170  -0.01776   0.08735  -0.00153  -0.02883   0.01036  -0.06718
   0.16184  -0.05637   0.02818   0.07457   0.02095  -0.08415   0.00964   0.05584   0.03731  -0.02891
   0.00508   0.05159  -0.17481  -0.06030  -0.05552   0.05399   0.01734  -0.04734  -0.07729  -0.00858
   0.17746  -0.01762  -0.17309  -0.05153   0.02231   0.07519   0.01218   0.02683  -0.01264  -0.07564
   0.17733  -0.06088   0.02306   0.05244   0.03429  -0.12226  -0.01230  -0.00697   0.04576  -0.01797
   0.01426   0.07701  -0.09970  -0.06953  -0.06486   0.06129   0.05600  -0.07674  -0.05560   0.05454
   0.20595   0.00409  -0.07376   0.01255   0.09508  -0.00164   0.09703   0.12488  -0.05276   0.07329
   0.16637  -0.05895   0.05519   0.02178  -0.04082  -0.15397  -0.09289  -0.08889   0.03428  -0.03204
   0.02813   0.13012   0.03517  -0.06199  -0.08965   0.04578   0.00154  -0.00921  -0.03375   0.14436
   0.22768  -0.01253   0.03283   0.01265   0.07186  -0.06818   0.06770   0.24833  -0.05351   0.24686
   0.11508  -0.01872   0.03073  -0.01370  -0.04214  -0.12140  -0.13462  -0.20629   0.04948  -0.06587
  -0.00310   0.17248   0.08535  -0.04555  -0.08162   0.01375  -0.02349  -0.02871  -0.05199   0.08647
   0.20088   0.02628   0.12490   0.02966   0.03095  -0.06262   0.05135   0.27369  -0.07677   0.28104
   0.06809   0.01719   0.00447  -0.04804  -0.06659  -0.03659  -0.12840  -0.18548   0.07827  -0.05273
  -0.02170   0.14368  -0.01007  -0.05054  -0.03321  -0.01418  -0.03387  -0.04222  -0.03062   0.00955
   0.14894   0.10425   0.15663   0.04513  -0.02961  -0.07007  -0.00444   0.09881  -0.10304   0.09143
   0.06121   0.04355  -0.02187  -0.04821  -0.02567  -0.05041  -0.09311  -0.19135   0.04890  -0.11480
  -0.02129   0.11490  -0.10644  -0.02547   0.02171  -0.02365  -0.00175   0.01760   0.00467  -0.05233
   0.10618   0.14420   0.11203   0.02756  -0.08206   0.02099  -0.03195  -0.03914  -0.01123  -0.06049
   0.08278   0.02906  -0.02664  -0.04141  -0.00885  -0.02319  -0.06961  -0.14112   0.05285  -0.05003
  -0.00804   0.05765  -0.15911  -0.02000   0.01514   0.00774   0.01075   0.07558  -0.00401  -0.04464
   0.07466   0.11362   0.05155   0.01799  -0.06920   0.08476  -0.01982  -0.02558   0.00636  -0.08659
   0.09822   0.01215  -0.02589  -0.03242   0.01854  -0.02849  -0.05167  -0.08691   0.04188  -0.02860
  -0.00059   0.03580  -0.15380   0.00276   0.00308   0.02679   0.01464   0.11612  -0.00673  -0.02326
   0.05569   0.06679   0.00496   0.00712  -0.05779   0.10448  -0.00179  -0.00232   0.00235  -0.05930
   0.10562  -0.00675  -0.01930  -0.01308   0.01644  -0.01323  -0.02740  -0.04896   0.04128  -0.03388
  -0.00049   0.04044  -0.10687   0.03240  -0.00484   0.03833   0.01154   0.13426   0.00234  -0.02899
   0.04528   0.02008  -0.01306   0.00519  -0.05543   0.11023   0.01578   0.01061  -0.00510  -0.03458
   0.09501  -0.01979   0.01656   0.01906  -0.00469   0.01303  -0.00603  -0.01323   0.03512  -0.02250
  -0.00168   0.04190  -0.02294   0.02953  -0.01689   0.01679  -0.04317   0.06953   0.00704  -0.01243
   0.04063   0.00832  -0.04163   0.00801  -0.04167   0.10625   0.04126   0.04500  -0.00311  -0.04243
   0.05985  -0.03112   0.04162   0.03828  -0.03213   0.04088   0.00768   0.00707   0.00347  -0.00387
   0.00535   0.04939   0.01036   0.01064   0.01330  -0.02473  -0.07489   0.01714   0.01049   0.00381
   0.04460  -0.00442  -0.03620   0.00646  -0.03197   0.08079   0.02523   0.03559   0.00110  -0.03919
   0.01820  -0.02765   0.03735   0.02539  -0.02725   0.04541   0.01334   0.00546  -0.00472  -0.00012
   0.01218   0.05484   0.02659  -0.00255   0.05294  -0.06682  -0.09156  -0.03050   0.02958   0.01073
   0.05595  -0.00912  -0.02303  -0.00029  -0.00752   0.04386   0.00372   0.01423   0.00527  -0.02978
  -0.01108  -0.01276   0.01116  -0.00839  -0.00190   0.01444  -0.00280  -0.01097  -0.00419   0.00863
   0.01294   0.05994   0.03159  -0.00830   0.05265  -0.06085  -0.08403  -0.04048   0.03151   0.01282
   0.06417   0.01274   0.00358  -0.02079   0.02048   0.01266  -0.00753  -0.00380   0.00920  -0.02174
  -0.01577   0.02201  -0.02039  -0.04913   0.02922  -0.03705  -0.03085  -0.03044   0.00642   0.01509
   0.00455   0.03613   0.01480   0.00213   0.02957  -0.02084  -0.05847  -0.03074   0.01645   0.00840
   0.05600   0.03392   0.03005  -0.02095   0.04168   0.00831  -0.01526  -0.02000   0.02681  -0.01332
   0.00148   0.05760  -0.01422  -0.05635   0.04821  -0.05836  -0.04356  -0.02819   0.02660   0.01724
  -0.00868   0.00204   0.00391   0.02572  -0.00013   0.01379  -0.03811  -0.00922   0.00030   0.00754
   0.03679   0.04372   0.02059  -0.02756   0.04488   0.00768  -0.02094  -0.01729   0.03566  -0.00483
   0.02211   0.08438  -0.01062  -0.06236   0.06053  -0.06561  -0.03888  -0.02399   0.02751   0.01116
  -0.02439  -0.03518   0.00128   0.05629  -0.02692   0.04692  -0.02425   0.00910  -0.01399   0.00468
   0.00789   0.04275  -0.00210  -0.02568   0.02728  -0.00052  -0.01399   0.00448   0.02867   0.00757
   0.03545   0.09612  -0.00446  -0.05318   0.06118  -0.05133  -0.02280  -0.01762   0.02286   0.00416
  -0.03699  -0.07012   0.00537   0.07976  -0.04007   0.08026  -0.02888   0.01904  -0.02498   0.00038
  -0.02389   0.03604  -0.02840  -0.01370  -0.00915  -0.02131   0.00704   0.03297   0.01586   0.01711
   0.03609   0.09375  -0.00386  -0.03573   0.05230  -0.02950  -0.00404  -0.01008   0.01338   0.00217
  -0.04194  -0.09558   0.01941   0.09133  -0.05157   0.10704  -0.05699   0.01856  -0.04288  -0.00509
  -0.05188   0.02512  -0.04781   0.00001  -0.05227  -0.04434   0.02956   0.05478   0.00865   0.01555
   0.01933   0.08031  -0.01104  -0.01138   0.02584  -0.01204   0.01319   0.00311  -0.00014   0.00701
  -0.03130  -0.09843   0.06778   0.03624  -0.11279   0.15496  -0.17835   0.07026   0.00740   0.05006
  -0.06238   0.01167  -0.02193   0.00295  -0.03288  -0.07709   0.00511   0.04007   0.05957  -0.00162
  -0.01660   0.08107  -0.03582   0.04943  -0.04470  -0.04317   0.18781   0.06390   0.00090   0.00296
  -0.01499  -0.05112   0.10576  -0.04601  -0.16236   0.10322  -0.11097   0.14336   0.11340  -0.08598
  -0.05041  -0.00141  -0.00590  -0.00997   0.00462  -0.14696  -0.09774  -0.01860   0.07975  -0.08571
  -0.05048   0.08327  -0.08035   0.20150  -0.17401  -0.08976   0.36465   0.03815  -0.04997  -0.01336
  -0.01807  -0.03588   0.06918  -0.11246  -0.19916   0.02726  -0.04666   0.12688   0.09801  -0.07243
  -0.02187  -0.02255  -0.06643  -0.00202  -0.13036  -0.13652  -0.10911  -0.06462  -0.03365  -0.11500
  -0.06116   0.06123  -0.13812   0.37755  -0.17517  -0.08884   0.33592  -0.11443  -0.08208   0.00316
  -0.00314  -0.02866   0.07396  -0.05616  -0.04372  -0.08576   0.08138   0.05642   0.05963  -0.12585
  -0.00640  -0.00493  -0.10560   0.04618  -0.23221  -0.25759  -0.01941  -0.11467  -0.16608  -0.03138
  -0.04949   0.00512  -0.13800   0.33949  -0.04137  -0.05220  -0.04883  -0.23097  -0.04803   0.09507
   0.00332  -0.03453   0.02619  -0.06323  -0.02611  -0.12520   0.04266  -0.00959   0.02769  -0.10709
  -0.00478  -0.02138  -0.02951   0.00193  -0.21850  -0.21358  -0.04281  -0.04913  -0.11604   0.01401
  -0.04811  -0.00042  -0.09191   0.15296  -0.03374   0.02555  -0.20632  -0.07888  -0.01457   0.10464
   0.00905  -0.05296  -0.01515  -0.05822  -0.02973  -0.12508   0.00967  -0.05025  -0.02350  -0.04014
  -0.00337  -0.00987   0.02646  -0.02681  -0.13872  -0.12492  -0.02763   0.04057  -0.09460  -0.00747
  -0.03811   0.01328  -0.05848   0.06015   0.02726   0.03405  -0.12261   0.05090   0.01082   0.04798
   0.00843  -0.04875  -0.00987  -0.03438  -0.05297  -0.10403   0.03014  -0.04677  -0.03323  -0.02757
   0.00330  -0.02032   0.05002  -0.01390  -0.02248  -0.05451  -0.00084   0.00860  -0.03249  -0.00995
  -0.03082   0.01113  -0.02485  -0.00430   0.01816   0.04146  -0.01532   0.04238   0.02826   0.02456
   0.00462  -0.03548   0.00158  -0.01065  -0.02288  -0.07458   0.01087  -0.03187  -0.01380  -0.00754
   0.00624  -0.04298   0.03234   0.00010   0.01581  -0.04393   0.02270  -0.01345  -0.01191  -0.02102
  -0.02471   0.00166  -0.01494  -0.02689  -0.00848  -0.00038   0.01638   0.02309   0.00889  -0.00770
   0.00133  -0.01760  -0.00065   0.00032  -0.00722  -0.03750  -0.00525  -0.01729  -0.00427   0.00775
   0.00323  -0.04864   0.02486   0.00156   0.01379  -0.03775   0.03929  -0.01658  -0.00519  -0.02217
  -0.01909  -0.00166  -0.01070  -0.03031  -0.00420  -0.02389   0.01890   0.01060   0.00282  -0.01269
  -0.00213   0.00633  -0.01125   0.00991   0.00018  -0.01612  -0.01394  -0.00414  -0.00010   0.02902
  -0.00126  -0.04510   0.02216  -0.00447   0.00411  -0.02388   0.04321  -0.01483   0.00005  -0.02883
  -0.01447   0.00426  -0.01042  -0.02210   0.00886  -0.02488   0.01389   0.00777   0.00193  -0.00386
  -0.00432   0.02417  -0.01927   0.00971   0.00410  -0.00452  -0.01813   0.00089   0.00404   0.03730
  -0.00371  -0.03550   0.01727  -0.00694   0.00166  -0.01904   0.04412  -0.01177   0.00036  -0.02484
  -0.01232   0.01978  -0.01221  -0.01316   0.01756  -0.00639   0.00276   0.01177   0.00765   0.00476
  -0.00328   0.03012  -0.02447   0.00615   0.00503  -0.00424  -0.01633   0.00124   0.00350   0.03751
  -0.00309  -0.02381   0.01336  -0.00770   0.00370  -0.01375   0.04072  -0.01050   0.00075  -0.02070
  -0.01213   0.03526  -0.01205  -0.00678   0.02115   0.01106  -0.01231   0.01869   0.01233   0.01379
   0.00023   0.02825  -0.02882   0.00183   0.00411  -0.00742  -0.00861   0.00149  -0.00135   0.03379
  -0.00025  -0.01314   0.01303  -0.00648   0.00618  -0.00717   0.03176  -0.00904   0.00121  -0.01753
  -0.01275   0.04516  -0.01016  -0.00330   0.02260   0.02099  -0.02553   0.02297   0.01563   0.01906
   0.00471   0.02238  -0.03257  -0.00217   0.00158  -0.01031   0.00190   0.00412  -0.00886   0.02898
   0.00436  -0.00803   0.01854  -0.00324   0.00836  -0.00085   0.01787  -0.00748   0.00242  -0.01722
  -0.01229   0.04765  -0.00900  -0.00275   0.02344   0.02380  -0.03076   0.02440   0.01715   0.01977
   0.00766   0.01578  -0.03478  -0.00705  -0.00038  -0.01550   0.01029   0.00592  -0.01376   0.02524
   0.01029  -0.00699   0.02511  -0.00050   0.01601  -0.00085   0.00157  -0.00911   0.01159  -0.01917
  -0.01065   0.04654  -0.01061  -0.00495   0.02582   0.02076  -0.02841   0.02385   0.01985   0.01808
   0.00829   0.01103  -0.03078  -0.01303   0.00056  -0.00727   0.01510   0.01296  -0.01470   0.02622
   0.01784  -0.00912   0.02479   0.00137   0.03702  -0.03550  -0.00907  -0.02674   0.03510  -0.02273
  -0.00826   0.04616  -0.01748  -0.00891   0.03477   0.00317  -0.01977   0.01781   0.02614   0.01038
   0.00820  -0.00455   0.00510  -0.00929  -0.04375  -0.00677   0.00272  -0.00505  -0.01575  -0.05000
   0.00819  -0.02716   0.05707   0.03975  -0.04594   0.01496   0.00618   0.02902  -0.01924  -0.10051
  -0.01107   0.02049  -0.02222  -0.03086  -0.04121   0.04375   0.06856  -0.00598  -0.02583  -0.04705
   0.00882  -0.00851   0.00537  -0.01803  -0.05091   0.00954   0.00079  -0.00358  -0.02312  -0.01819
   0.00978  -0.03997   0.06856   0.04189  -0.01484   0.01776  -0.00266   0.03089  -0.01025  -0.08024
  -0.00894   0.01917  -0.00642  -0.00065   0.01197  -0.02463   0.03316   0.03140  -0.01388  -0.04202
   0.00708  -0.00006  -0.00259  -0.01072  -0.03321   0.00989   0.00041  -0.00204  -0.00816  -0.01311
   0.01322  -0.05594   0.07497   0.02035  -0.02389   0.00894  -0.01837  -0.00605  -0.01639  -0.04022
  -0.00730   0.01053   0.00650  -0.00625  -0.00683  -0.02575   0.02685   0.03537  -0.02373  -0.05081
   0.00506   0.01523  -0.02030  -0.00811  -0.01478   0.00194   0.01338   0.00292   0.00030   0.00176
   0.01417  -0.06807   0.07138   0.01417  -0.01702  -0.00409  -0.01317  -0.02756  -0.01063  -0.02339
  -0.00607   0.00708   0.01854  -0.00699  -0.02190  -0.00951   0.00832   0.04493  -0.02482  -0.06272
  -0.00023   0.04871  -0.03062   0.00740  -0.00913  -0.01741   0.05327   0.03606   0.02362  -0.05476
   0.01458  -0.06926   0.07287   0.01401  -0.01392  -0.02136   0.00118  -0.03295   0.00606  -0.00789
  -0.00320   0.00173   0.01885  -0.01797  -0.03056   0.04441  -0.02670   0.04717  -0.01190  -0.14380
  -0.00211   0.05411  -0.02629  -0.00729  -0.01384   0.01560   0.08996   0.03697   0.10499  -0.01132
   0.01827  -0.04746   0.06909   0.01083  -0.04438   0.01193   0.05954  -0.04556   0.14118   0.04416
  -0.00319   0.00869  -0.04890  -0.05066  -0.01097   0.11477   0.00718  -0.04583   0.08800   0.09119
  -0.00008   0.03492  -0.02384  -0.02400  -0.03463   0.02535   0.08563   0.06205   0.09489   0.00554
   0.01898  -0.04329   0.03241  -0.02820  -0.04104   0.06914   0.07195  -0.23252   0.12868   0.29261
  -0.00161   0.02349  -0.06149  -0.04172  -0.01691   0.10459  -0.00301  -0.12234   0.09123   0.25187
  -0.00130   0.01964  -0.01644  -0.03337  -0.07435   0.03270   0.07580   0.01968   0.02725   0.05585
   0.02169  -0.04059   0.02726  -0.01375   0.02179   0.08942   0.02701  -0.15863   0.14630   0.24328
   0.00528   0.03464  -0.05267  -0.02372   0.02333   0.01113  -0.05110  -0.12128   0.06490   0.25404
   0.00318   0.03154  -0.03277  -0.02332  -0.04686   0.02258   0.04602  -0.01081  -0.00480   0.10140
   0.01784  -0.03691   0.03691  -0.00003   0.05889   0.05009   0.00448  -0.10150   0.07503   0.09383
   0.00539   0.04901  -0.04722   0.01572   0.07934  -0.01331  -0.04331  -0.02577  -0.01050   0.14603
   0.00808   0.03621  -0.04687  -0.00910   0.00619   0.00291  -0.00520  -0.01223   0.01476   0.06859
   0.01042  -0.05228   0.02338  -0.01263   0.00884  -0.01407   0.02611  -0.04052   0.00566   0.02314
  -0.00257   0.04286  -0.05143   0.00111   0.03707  -0.04177  -0.00720   0.00773  -0.03740   0.01586
   0.00609   0.02726  -0.03908   0.00061   0.00700  -0.01258  -0.00986  -0.01084   0.00719   0.03663
   0.00550  -0.06234   0.04210  -0.00847  -0.01058  -0.02108   0.03441  -0.02613   0.02226  -0.01491
  -0.00838   0.02452  -0.02196  -0.00545   0.02296  -0.03125   0.01995   0.01880  -0.00797  -0.00203
   0.00618   0.01468  -0.02991   0.00369   0.00228  -0.01691  -0.01244  -0.01104  -0.00263   0.02583
   0.00603  -0.06436   0.04722  -0.00151  -0.01031  -0.02407   0.02629  -0.02360   0.01460  -0.02424
  -0.01124   0.01007  -0.01647  -0.02060   0.01189  -0.03041   0.03353   0.00495  -0.00677  -0.00463
   0.00793  -0.00192  -0.02173  -0.00031  -0.00724  -0.01870  -0.00799  -0.01356  -0.01089   0.01705
   0.00803  -0.05746   0.05082   0.00753  -0.00465  -0.02463   0.02162  -0.01352   0.00973  -0.02980
  -0.01434   0.00272  -0.01706  -0.02773   0.00207  -0.02484   0.03766   0.00158  -0.00385  -0.00036
   0.01026  -0.02343  -0.00397   0.00887  -0.00262  -0.03506   0.01188  -0.00059  -0.00631   0.01172
   0.01004  -0.04111   0.04727   0.00615  -0.00052  -0.01601   0.01270  -0.01301   0.00655  -0.03254
  -0.01824   0.00466  -0.01774  -0.02431   0.00035  -0.01694   0.03330   0.00660   0.00051   0.00284
   0.01207  -0.03286  -0.00112   0.00303  -0.00843  -0.04352   0.01635  -0.00858  -0.00911   0.00471
   0.01076  -0.01922   0.03200   0.00152   0.00917  -0.00802   0.00741  -0.01095   0.00714  -0.02122
  -0.02279   0.01570  -0.01564  -0.01515   0.00358   0.00060   0.02139   0.01950   0.00505   0.00650
   0.01169  -0.03299  -0.00161   0.00161  -0.00803  -0.04419   0.01481  -0.00925  -0.00866   0.00498
   0.00963  -0.00020   0.01604  -0.00242   0.01654  -0.00199   0.00796  -0.00875   0.00829  -0.01054
  -0.02663   0.02986  -0.01792  -0.00964   0.01092   0.01185   0.00637   0.02497   0.01151   0.01195
   0.00869  -0.02541  -0.00429   0.00228  -0.00483  -0.03931   0.00630  -0.00791  -0.00584   0.00984
   0.00575   0.01152   0.00508  -0.00479   0.01808   0.00183   0.01576  -0.00650   0.00904  -0.00551
  -0.03017   0.04118  -0.02019  -0.00747   0.01640   0.01888  -0.00713   0.02628   0.01543   0.01939
   0.00319  -0.01678  -0.00530   0.00453  -0.00322  -0.03192  -0.00512  -0.00593  -0.00367   0.01625
   0.00047   0.01392   0.00021  -0.00641   0.01839  -0.00077   0.02723  -0.00565   0.00964  -0.00290
  -0.03282   0.04496  -0.02034  -0.00642   0.01897   0.02086  -0.01238   0.02672   0.01649   0.02392
  -0.00228  -0.01113  -0.00392   0.00899  -0.00253  -0.02436  -0.01548  -0.00446  -0.00315   0.02170
  -0.00504   0.00427   0.00306  -0.00866   0.02116  -0.01076   0.03744  -0.00740   0.00894  -0.00055
  -0.03422   0.04001  -0.01816  -0.00707   0.02099   0.01766  -0.01036   0.02576   0.01523   0.02537
  -0.00469  -0.04808   0.02095   0.01982   0.00325  -0.00916  -0.02734   0.00138   0.00132   0.00542
  -0.01280   0.01716  -0.00318  -0.01442   0.02233  -0.01541   0.04111  -0.01161   0.00158   0.02204
  -0.03386   0.03596  -0.01608  -0.00688   0.02099   0.01429  -0.00850   0.02519   0.01221   0.03162
  -0.00468  -0.02626   0.00182   0.01642  -0.00559  -0.00230  -0.03229   0.00237   0.01933   0.00068
  -0.01170   0.00724  -0.00172  -0.01546   0.02398  -0.01331   0.04164  -0.00772   0.00217   0.00569
  -0.02541   0.00923  -0.00480  -0.00264   0.01137   0.00909  -0.00397   0.02120   0.01697   0.00754
  -0.00489  -0.00936  -0.00377   0.01953  -0.01693   0.00778  -0.04953   0.00680   0.02168  -0.00332
  -0.00898   0.01611  -0.00442  -0.01717   0.01914  -0.00898   0.03891  -0.00732   0.00253   0.00855
  -0.01888  -0.00088   0.00015  -0.00437   0.01049   0.00737   0.00450   0.02167   0.01261   0.00036
  -0.00468  -0.00290  -0.00764   0.02078  -0.02150   0.01331  -0.05753   0.00881   0.02355  -0.00851
  -0.00599   0.02740  -0.01256  -0.02022   0.00924   0.00381   0.02781  -0.00460   0.01082  -0.00034
  -0.01553  -0.00392  -0.00066  -0.01199   0.01246   0.00615   0.01606   0.02101   0.00944  -0.00128
  -0.00499  -0.00166  -0.00764   0.02239  -0.01827   0.01178  -0.05447   0.00900   0.01974  -0.00923
  -0.00183   0.03254  -0.01903  -0.02181  -0.00596   0.01823   0.01028  -0.00128   0.02654  -0.01608
  -0.01553  -0.00752  -0.00283  -0.01919   0.01072   0.00568   0.01982   0.01968   0.01330  -0.00317
  -0.00650  -0.00137  -0.00408   0.02311  -0.00562   0.00444  -0.03754   0.00775   0.00770  -0.00121
   0.00251   0.03419  -0.02345  -0.02266  -0.02110   0.03087  -0.00717   0.00067   0.04312  -0.03231
  -0.02011  -0.00987  -0.00745  -0.02150   0.00216   0.00472   0.00713   0.01881   0.01900  -0.00535
  -0.00902  -0.00142   0.00258   0.02345   0.01531  -0.00812  -0.00956   0.00452  -0.01548   0.01726
   0.00655   0.03363  -0.02386  -0.02373  -0.03056   0.03836  -0.01308   0.00079   0.05653  -0.03949
  -0.02890  -0.00652  -0.01684  -0.01685  -0.00821   0.00358  -0.01941   0.02377   0.02058  -0.01442
  -0.01095  -0.00218   0.00910   0.01775   0.04580  -0.01661   0.03549  -0.00030  -0.04421   0.03064
   0.01021   0.02527  -0.01623  -0.02617  -0.03544   0.03246  -0.01599  -0.00511   0.05259  -0.01369
  -0.03858   0.00550  -0.02797  -0.00876  -0.01180   0.01021  -0.04201   0.03977   0.02033  -0.04092
  -0.00651  -0.00754   0.01492  -0.01071   0.07145   0.00520   0.07788  -0.03618  -0.00845   0.03332
   0.01270   0.00724  -0.01653  -0.04712  -0.04790   0.00828  -0.02692  -0.01716   0.03218   0.07130
  -0.04420   0.01810  -0.01889  -0.00575  -0.01521   0.02859  -0.03371   0.06156   0.02256  -0.11050
   0.00100  -0.00384   0.02071  -0.07143   0.11765   0.04081   0.14112  -0.04980  -0.05381  -0.02643
   0.00566   0.00279  -0.04769  -0.01959  -0.01474  -0.07373  -0.14177   0.03205  -0.19370   0.06625
  -0.03656   0.01934   0.00247  -0.07643  -0.02086   0.06629  -0.01403   0.03498   0.06343  -0.12679
   0.00807  -0.01031   0.04742  -0.07161   0.20928   0.06939   0.20432  -0.12844  -0.08045  -0.11808
  -0.00883   0.01448  -0.03214   0.10607   0.10094   0.04623  -0.24686  -0.00826  -0.39442  -0.00930
  -0.02352  -0.00248   0.03014  -0.22972  -0.06140   0.00439   0.00577   0.08216  -0.02920  -0.02166
   0.01116  -0.00947   0.07896  -0.05352   0.22207   0.06221   0.21219  -0.14312  -0.07071  -0.17966
  -0.01788   0.01267  -0.03988   0.26301   0.25929   0.13195  -0.18597   0.02993  -0.23256  -0.06581
  -0.02379  -0.00617   0.03675  -0.31395  -0.06269  -0.06747  -0.04337   0.08915  -0.19770   0.12598
   0.00675  -0.00252   0.07351  -0.10459   0.20285   0.10736   0.12697  -0.17451  -0.15189  -0.12273
  -0.00844   0.02749  -0.03190   0.27338   0.24606   0.09700  -0.05872   0.04940   0.06313  -0.08281
  -0.02949   0.00073   0.03557  -0.20525  -0.03144  -0.03876  -0.01464   0.00807  -0.29684   0.07925
  -0.00695  -0.01445   0.06138  -0.06529   0.17180   0.04070   0.04106  -0.08500  -0.18746   0.04893
  -0.00363   0.01557  -0.01204   0.12823   0.09067  -0.00945   0.00236   0.01947   0.15040   0.05475
  -0.03466   0.02718   0.01651  -0.10072   0.04696  -0.00366   0.02566  -0.01871  -0.26115   0.03816
  -0.01549  -0.02027   0.00969   0.00318   0.03563  -0.01512   0.02968  -0.02122  -0.08990   0.05007
  -0.00691   0.00950   0.00063  -0.00745   0.02461  -0.05264   0.02996  -0.00627   0.05640   0.02773
  -0.03799   0.03010  -0.00865   0.00556   0.00580  -0.00344   0.02634   0.04973  -0.16490   0.00606
  -0.01834  -0.02680   0.00550  -0.00243   0.03078  -0.02862   0.01500  -0.01243  -0.01467   0.04591
  -0.01446   0.02699  -0.02352  -0.02606   0.00264  -0.00127   0.01643  -0.01261   0.00436  -0.01627
  -0.04150   0.03225  -0.01289   0.02027   0.01166   0.00247   0.00000   0.04189  -0.03030  -0.03709
  -0.01700  -0.02832   0.00350  -0.00920   0.02351  -0.01879   0.00877  -0.00722  -0.00066   0.03698
  -0.01788   0.04706  -0.02729  -0.01201  -0.00675   0.01511  -0.00139   0.00848   0.01452  -0.03339
  -0.03990   0.02604  -0.01354   0.00734   0.00759   0.00865   0.00182   0.04292  -0.01031  -0.04279
  -0.01198  -0.02729   0.00086  -0.00630   0.01214  -0.01027  -0.00500  -0.00370   0.00471   0.02672
  -0.02059   0.05729  -0.03052  -0.00367  -0.01338   0.02297  -0.01317   0.01687   0.01409  -0.04528
  -0.03346   0.01489  -0.01198  -0.00402   0.00819   0.01060   0.00678   0.03587  -0.00229  -0.03428
  -0.00678  -0.02450  -0.00126   0.00272  -0.00261  -0.00288  -0.02134   0.00266   0.00716   0.00777
  -0.02359   0.06134  -0.03260  -0.00238  -0.01417   0.02523  -0.01542   0.01942   0.01387  -0.04838
  -0.02516   0.00352  -0.00759  -0.01026   0.01008   0.00829   0.01232   0.02780   0.00204  -0.02106
  -0.00424  -0.01834  -0.00488   0.01037  -0.01733   0.00730  -0.03551   0.01204   0.00927  -0.01563
  -0.02627   0.06072  -0.03248  -0.00568  -0.00841   0.01886  -0.00978   0.01486   0.01339  -0.03735
  -0.01781  -0.00532  -0.00242  -0.01168   0.01195   0.00779   0.01639   0.02311   0.00446  -0.01052
  -0.00291  -0.01346  -0.00793   0.01510  -0.02732   0.01837  -0.04451   0.02030   0.00994  -0.03240
  -0.02861   0.05227  -0.02770  -0.01129   0.00519  -0.00145   0.00396   0.00206   0.01147  -0.01272
  -0.01352  -0.00776  -0.00007  -0.01121   0.01276   0.01453   0.01591   0.02316   0.00813  -0.00609
  -0.00260  -0.01177  -0.00855   0.01581  -0.02844   0.01731  -0.04389   0.02123   0.00990  -0.03240
  -0.03168   0.03752  -0.02169  -0.01708   0.02289  -0.02979   0.01877  -0.01193   0.00826   0.00852
  -0.01383  -0.00115  -0.00156  -0.00949   0.01038   0.02535   0.00818   0.02475   0.01442  -0.00485
  -0.00298  -0.01767  -0.00509   0.01374  -0.01876   0.00893  -0.03385   0.01724   0.00516  -0.02319
  -0.03020   0.02024  -0.01203  -0.01828   0.02822  -0.00165   0.02767  -0.00409  -0.00591   0.01583
  -0.02089   0.00906  -0.00622  -0.00609   0.01353   0.00589  -0.00077   0.01623   0.02439  -0.00169
  -0.00365  -0.02780   0.00366   0.00650  -0.00201  -0.00689  -0.01408   0.00222   0.01066  -0.00487
  -0.03374   0.01143  -0.00493  -0.02393   0.03822  -0.01120   0.03686  -0.01817   0.00417   0.02679
  -0.02604   0.00807  -0.00917   0.00146   0.00755   0.01540  -0.01063   0.02480   0.01216  -0.00931
  -0.00434  -0.03648   0.00959   0.00214   0.01520  -0.02060   0.00002  -0.00373   0.00320   0.00936
  -0.03807   0.00481  -0.00346  -0.02447   0.03599  -0.01255   0.03976  -0.02157   0.00415   0.02643
  -0.03067  -0.00176  -0.00659   0.00157   0.00329   0.01691  -0.01001   0.02046   0.01382  -0.01107
  -0.00298  -0.04553   0.01624  -0.00185   0.02789  -0.02992   0.00962  -0.00873  -0.00159   0.01909
  -0.04255   0.00172  -0.00531  -0.02280   0.02451  -0.00573   0.03588  -0.01907   0.00609   0.01794
  -0.03303  -0.01306  -0.00298  -0.00021   0.00113   0.01499  -0.00633   0.01804   0.01166  -0.01222
  -0.00023  -0.05598   0.02593  -0.00273   0.03440  -0.03376   0.01637  -0.00944  -0.00282   0.02263
  -0.04796   0.00534  -0.01041  -0.01851   0.01286   0.00907   0.02640  -0.01035   0.00922   0.00812
  -0.03131  -0.02190   0.00279  -0.00133   0.00315   0.01353  -0.00400   0.01812   0.00927  -0.01267
   0.00408  -0.06030   0.03172   0.00217   0.03582  -0.02679   0.01760  -0.00478  -0.00021   0.02347
  -0.05329   0.00840  -0.01066  -0.01147   0.00249   0.02577   0.01204   0.00096   0.01151  -0.00344
  -0.02426  -0.02854   0.01043  -0.00098   0.00727   0.01196   0.00213   0.01831   0.00848  -0.01102
   0.00871  -0.05548   0.02866   0.01745   0.02636  -0.00663   0.00317   0.00206   0.00709   0.02774
  -0.05784   0.00950  -0.00717  -0.00108  -0.00624   0.03730  -0.00684   0.00621   0.01254  -0.00701
  -0.01528  -0.02975   0.00618  -0.00384   0.00879   0.00660   0.01113   0.01142   0.00766  -0.00396
   0.01335  -0.05449   0.02065   0.00001  -0.01812   0.01896   0.02216  -0.02770  -0.01077  -0.00241
  -0.06341   0.00296  -0.00914  -0.00310  -0.00386   0.03050  -0.00599   0.00323   0.01005  -0.00558
  -0.00963  -0.02647   0.00150  -0.00526   0.00912  -0.00157   0.00940   0.00549   0.00577  -0.00168
   0.01748  -0.04729   0.01900   0.00462  -0.02580   0.03933   0.03034  -0.02177  -0.00393  -0.00324
  -0.07136  -0.00891  -0.01218  -0.00728   0.01027   0.00207  -0.01919   0.00168   0.00448  -0.00486
  -0.00554  -0.02397   0.00614  -0.00039   0.00796   0.00053   0.00738   0.00941   0.00638   0.00137
   0.01772  -0.04697   0.01656   0.00652  -0.02658   0.04306   0.03126  -0.02286  -0.00551  -0.00460
  -0.08039  -0.02348  -0.01399  -0.00526   0.02705  -0.03459  -0.03329   0.00552  -0.00176  -0.00485
  -0.00441  -0.02374   0.00997   0.00147   0.00417   0.00741   0.00435   0.01565   0.01223   0.00575
   0.01551  -0.04807   0.00845   0.00925  -0.01439   0.01973   0.02985  -0.01124  -0.00247  -0.00804
  -0.08652  -0.02956  -0.00649  -0.00781   0.04372  -0.05335  -0.02133   0.01795   0.02530   0.01246
  -0.00837  -0.03104   0.01346   0.00349   0.00595   0.01125  -0.00957   0.02377   0.00802   0.00724
   0.01301  -0.05101  -0.00513   0.01233   0.00713  -0.01437   0.02191  -0.00845   0.00587  -0.01935
  -0.09333  -0.03652  -0.00297  -0.00552   0.04858  -0.06356  -0.02409   0.02774   0.01776   0.01476
  -0.01724  -0.04471   0.02886   0.00362  -0.00039   0.02017  -0.01053   0.02352   0.00590   0.01717
   0.01232  -0.05822   0.00240   0.01024   0.03671  -0.04981   0.00366   0.00893   0.01709  -0.01100
  -0.10005  -0.03780  -0.00298  -0.00233   0.04058  -0.05386  -0.01192   0.02032   0.01180   0.01159
  -0.02639  -0.05342   0.02732   0.00785  -0.01227   0.02634   0.00637   0.00246   0.00204   0.00836
   0.01145  -0.06488   0.00532   0.00912   0.04950  -0.06854   0.00535   0.01103   0.01921  -0.00574
  -0.10606  -0.03527   0.00271  -0.00084   0.02617  -0.02481  -0.00428   0.00865   0.00615   0.01193
  -0.02953  -0.05825   0.03410   0.01033  -0.01191   0.02481   0.01248  -0.00651  -0.00145   0.01022
   0.01549  -0.06862   0.00953   0.01277   0.05853  -0.08167   0.01821   0.01039   0.01821  -0.00029
  -0.11703  -0.03354   0.02206  -0.00630  -0.00877   0.04065  -0.00541  -0.01102  -0.00790   0.02257
  -0.02329  -0.06283   0.04107   0.01539  -0.00591  -0.00111   0.01660  -0.01490  -0.00603   0.01473
   0.02059  -0.07117   0.02319   0.00844   0.04163  -0.06310   0.03364   0.00169   0.01442   0.00063
  -0.12728  -0.03551   0.03599  -0.01103  -0.03022   0.06923  -0.00675  -0.01727  -0.01536   0.02612
  -0.00993  -0.06447   0.03797   0.01775   0.00738  -0.03823   0.02280  -0.01305  -0.00182   0.01305
   0.02598  -0.07043   0.03408   0.00605   0.01969  -0.02222   0.05168  -0.01642   0.00370   0.00243
  -0.13568  -0.03925   0.03996  -0.00686  -0.02703   0.06458  -0.00928  -0.01373  -0.01400   0.02973
   0.00370  -0.06228   0.03019   0.01683   0.01442  -0.05275   0.02257  -0.01025   0.00466   0.00896
   0.03060  -0.06945   0.04359   0.00429  -0.00144   0.01392   0.06538  -0.03292  -0.00819   0.00498
  -0.14257  -0.04408   0.03636  -0.00018  -0.00556   0.03132  -0.01711   0.00266  -0.00044   0.03037
   0.01266  -0.05635   0.02227   0.01168   0.01004  -0.04405   0.01262  -0.00600   0.01061   0.00471
